87021649
95779293
96149145
13677686
19866288
92356306
92593026
49900370
99910642
65735039
24434262
90275052
97404522
34196216
14290351
48868623
23861112
36531188
30497058
72260705
66463445
40732345
61355574
21543057
11707861
66346690
36278889
34714407
25390741
67028041
99383649
86040464
46758740
33876547
69095346
81495253
97330492
66449066
40645340
76645768
57624199
58533660
31583586
32329501
42644213
71609353
89844272
57290736
50097541
26390852
79216772
41598138
25677984
86867204
93274333
64068316
10785501
74155081
35617906
51874715
34771517
45434552
73854404
95884299
34292794
62210594
57040121
45482781
50451443
59965256
99949883
50800050
43266359
10743932
83634142
32868860
22851232
31139147
56876487
98820365
80857089
96677662
46286743
40409631
92484786
13990755
88496202
39270135
62108717
23401135
17890642
41855631
67854967
12054585
80815477
71775277
92984174
99507705
90766114
70718157
11779019
96334518
12818126
76393201
21356722
79504001
26443273
91542587
75958352
43090219
91639863
92693035
28152250
96911548
80054054
42244661
73344384
65803824
53484784
57234707
53872809
81595926
21188724
20538405
59928179
25147512
78779539
85192076
85583848
40968279
63990515
26279795
70240044
88278095
32183309
89535314
85150047
13449678
37036920
23097565
85579909
17211488
94619475
69884824
34188529
25512488
13593164
82558806
34567472
11224168
16020674
24388135
67811326
31741694
82685851
73453717
97201627
80510414
14699047
84812944
87471498
34962346
18337611
13385628
17577627
14700799
16115579
20529275
83799757
48883496
33325240
76316176
57956698
70758448
15253159
94449568
41743511
18221819
19878548
75986860
40894116
26206882
99974376
50226708
70256106
13641358
99222449
10796633
47871919
27427791
45840171
24510471
59324690
85483814
48484009
17283807
57587385
44535672
69776366
65583050
51125184
28165779
37108620
71668874
41183364
19347091
33560698
72170963
38464855
92090142
33632124
17790376
66723199
63021622
48750515
75214345
86693359
66145572
52605770
10373847
97524882
50656235
92917221
84947779
40358639
81587577
21703279
85309105
93240305
24868396
74705735
60084026
47707585
55590063
36515639
23663764
68525557
82835632
26851795
66335649
58941548
20339039
89562697
92707407
27067496
88312134
55747783
11404650
65460092
16351221
44711518
97816430
73159840
47335449
85367844
66730214
43221580
84160083
81196051
73965792
89996091
73868805
41132224
39292475
90509163
19304773
27929936
60285165
86064417
63965774
18759511
75368593
68114515
68891718
50421999
59897153
16424277
91600821
82976374
47996454
54511377
46641516
74701534
64524946
51816400
10223308
87424708
33858141
98809608
12096451
19331855
60816926
97440532
16600664
67430956
96229403
38124387
80136641
92908774
17767266
87103931
41909260
24604246
92825030
36032267
17051861
99175879
56786173
22748930
53607942
67203956
11958675
39543095
39345219
67183549
15150664
84149792
47817119
28728914
48783143
83344941
77805791
79523925
75584679
17352677
48636747
97898042
14828603
13928067
25058021
36060772
76187557
39811809
19414085
25874790
55059484
56201643
26043537
71490185
34615177
77885853
72302634
56381701
62531382
24848386
70650232
30695869
46665729
63871428
21420544
20213886
23175605
79667184
30351400
52453176
78193251
91517176
73585408
94494192
10391123
60282937
17019137
65628611
41352177
39530881
88349091
24033348
66639161
29000128
57806947
59436951
19787051
23644928
17608894
16926613
87978257
16866928
91296941
23191261
90481046
13749167
57187993
74142238
50094751
22504986
55180700
88416776
59330340
82109480
30850419
79605289
54109623
98563556
84005871
52288966
63578245
20017849
79834466
69573319
75847126
57915688
90689889
25032228
48034229
80991145
44291808
33473414
30715863
57930419
99390539
55786051
22058507
92807424
73133215
74235287
59972831
76173409
28666817
35421152
84250302
78005673
75704156
35465829
91907989
26869145
14001161
56276419
84686902
37534953
25849458
21170501
67530975
88311587
96809986
60366272
82237043
32702895
96908670
62049607
11674401
24812482
51859085
77601423
17507041
77946305
67147273
94880850
98210245
34624653
46310757
33459857
65509753
35932714
65428423
25942769
22517623
26244540
20489910
95791472
41125218
81154632
59463012
70222993
95597263
76182987
16912850
70196378
17406467
56000705
57165265
16912673
44920323
61141097
57131539
97937869
17754075
28687600
96664063
29721060
65266803
93251351
82030920
27264627
79531750
38016619
18970932
44005782
65175304
19673354
40448657
61326972
49517739
64324134
58754327
10705650
62103627
11867685
66333844
67135086
22146739
84782183
64169928
26069768
77192301
74893194
19734013
76844438
51211301
47036834
97866858
29929070
60215472
70397612
71326408
57827661
13058790
65765834
15112787
51709149
64568607
17415238
79223429
95359253
24698730
51420555
42912792
35209477
85926443
74308792
60367750
90636992
16154265
73121321
87906651
37912442
37825637
47745500
45801215
92482605
56686739
85261663
88280055
78336230
99167296
17117934
22340711
64445590
85507704
48188210
12427654
71774780
44636973
78647444
91355062
84900238
79065593
96786025
38851726
67708797
80778904
25176623
57726544
66581390
51243307
30122885
43031189
29313296
69862016
86166208
29933332
22511112
94188953
62156743
25548239
62093996
67218445
54231878
54794933
52655677
96554394
38705116
42478208
87105736
66990714
51134302
53505027
46689859
22987126
94042903
34744147
61931914
99820891
83697792
52081259
84891254
16079993
39478297
39906262
30674946
16754743
90463967
30959499
90082451
81824093
77154351
47920117
85099338
35100025
87843863
10625908
10378178
44819162
75691478
86897026
22818368
53999105
27626943
67637545
34280866
27534902
91738012
81705745
55010780
89318485
29947448
97680825
38030269
88758750
73624889
39048013
68770253
50435882
58251647
15786127
49626439
48710326
15631638
88153632
71208510
54294959
12045047
58322027
51732082
57385436
86361845
45227736
33381864
64603639
60432416
23373324
85290393
13427742
48347769
80918124
81945629
26583097
85390959
78331817
28207557
97557377
65810947
19019887
25623717
18658671
30158039
12340662
14994800
22025781
72903559
87882059
60966663
89982138
11468850
55730031
97884464
70952281
51564846
40762003
20752708
97010968
13808751
20996632
15952337
63275042
91007676
73912003
26843258
54079937
75462851
31512542
30747787
32499261
42823119
87297668
16560777
18611072
70047573
68949663
37877920
88150291
76714905
69340502
36790383
75943139
62901814
44799272
61238394
23833357
11744327
86925276
71894036
82934465
13822651
41929772
94481402
87116158
29864715
20145215
70552454
58654217
27877117
90654397
59180228
55222831
29694824
42488701
78888755
62331757
83574912
35520279
16068172
14136542
83341847
62107940
48796556
48583172
35958988
75063955
73554408
97146635
16289965
23550143
99379551
13579808
75518418
97944841
35590892
91590379
58233385
41879925
87976451
76045610
57701330
27237411
25401469
61692481
64913367
34993309
64835900
26278659
57593485
83134607
30453692
13146219
93147381
65452209
90544901
87464921
82888685
12030828
53585529
52582012
24685132
62213990
82177277
85536640
42642846
85304072
75757054
28118505
42328782
59137026
28812488
84373650
32494287
97760272
64843373
85160049
13320273
42881079
94359401
36412664
19528417
18129804
30648996
63317193
62035738
68104740
90379155
72574263
95502112
41203720
49734164
55568065
10640826
38134034
77877010
96053775
93926816
78867030
90106281
22481842
36947286
39715435
45939886
18881335
79603425
50571934
56201804
24809819
29886910
16356380
97542469
23806900
70109135
68543491
36729452
74322842
24875212
35971241
23100873
47832806
54665614
53303465
56488750
19496655
95825317
68459392
13919082
69995976
63919568
99062247
54914099
21491283
41345867
58571178
13290958
27319421
66689859
59674018
66294367
67411828
69595085
80646194
92363476
79654508
16128785
34221863
71448947
62112490
44664016
36267290
22451831
77312505
41934708
60809851
27633495
14165275
21125286
17335153
75970930
33938211
30318121
13304292
71348644
39218552
33965980
10950832
57223236
36477433
84557578
99371444
94689456
11421919
59227214
91565860
78753404
37126145
88878441
70510464
55117061
56836643
88249988
36600003
63220565
83258144
45183709
60819773
55111510
74929194
93390732
43505453
13017222
42154355
15491492
47565151
99276896
52879396
78580559
55985872
95093565
10710397
56074574
83849671
98143441
89710344
66640664
20966169
61423449
90094362
40491686
70382170
69069167
75667949
48778851
68527639
48567146
97201093
63682464
16685918
34008003
52443509
71917289
70398739
90739801
98408667
26117936
39279977
25288428
48255649
56543467
71918726
51951168
91148641
55125934
45325264
54725331
77764792
84878813
17949127
58768600
37380147
86942718
75707190
49681088
79737784
29891807
90641618
90009258
85114592
26969152
73246826
50531017
16506921
18212715
93794286
43869464
27888723
22076926
88661373
34202372
65243022
95308105
30896875
99029469
47597425
43729693
39235473
44312427
20399415
52625751
95174413
59396628
11818012
95913991
40438726
26735372
54182365
59504840
76869071
94227053
78776101
62439242
23278939
93432898
84116184
44200383
66002849
87679591
72913698
14518905
32342420
46172144
54729781
85566531
92939280
31615557
87872351
40403889
98721892
48019765
63754590
94391931
83566851
88810956
71506264
72719558
86155544
16659711
34492679
55957633
38164892
43188427
22436964
15187812
27878673
72228245
74187667
73926634
95732723
38817281
60336438
84008230
19564985
42623784
35074784
17563600
85519654
15968258
38205177
82355592
33732390
74762751
39699343
28032532
34004388
77888960
34843482
59109429
41108840
97548469
95947257
10156096
48462975
35409322
93715429
44114498
27135265
85870808
59067266
74395806
70659744
28421080
84287246
60943241
23170534
87092575
74095784
92829222
70101837
79421459
85056433
68708133
29792134
39880620
79974273
40355007
59149622
79461775
37044354
40111611
92000713
15158066
75560565
54206903
85362576
24026794
70496647
79874806
29046842
76842484
90213614
20864823
91577995
85387376
88236399
99129454
38846359
16784003
78909117
60250397
68398004
54289836
87042856
96022151
35591882
42798876
85204511
37472917
84487434
21421924
27724082
45399781
79545567
97074052
84527911
13447946
28987268
62917950
91363111
82973210
71684327
82180058
11072366
86441660
13937032
63679106
12395403
30363722
57452613
98628550
89423105
37248220
11570229
18438316
42430720
24851872
84769923
29713585
35061221
87476160
91891673
47120930
72705697
20394380
75636969
11797315
54256400
23286957
69399246
62170017
94036826
77204956
45971993
72646539
63041192
97860647
74464261
69377231
88100539
79794254
34889772
67183410
37773293
63477532
84005766
39407785
46162737
66589657
75886294
36112973
97655713
27103044
65998634
45979886
18048102
79336253
89248347
29978754
45145021
28865967
13420545
82317502
71473544
63261115
53354327
42352045
40406733
46067535
28512222
47817320
57135025
76664055
76915762
12087242
99844879
70483444
22929111
32685462
99188684
56733078
40742800
61781272
94102201
47788860
47833932
84458333
13414090
22612479
13277290
53204173
19417202
90976832
47031918
47708269
41108823
12196457
48717383
41007394
83841009
30970495
68612865
54623889
56972606
93862149
64459981
79081031
79103614
13025300
31534673
34461087
68274600
49731953
83027943
56444395
98728103
56556994
95440627
36417137
17392348
20748072
77275986
85990599
38674794
22402920
66880064
53943302
96191953
41156747
40433228
10336707
53445517
47376403
51607527
97992893
59186206
14451165
30277312
37813129
54850131
45428988
56565921
58738215
81320769
72927246
94637843
12278908
41060821
64048049
88786918
10745149
42007602
26704374
74601720
14279946
84478796
87400667
17803956
31239135
70672149
93995043
72991279
62316629
39857263
17571808
23253283
83724505
66459329
38445709
19029829
35477997
70494698
51952635
45557015
30463789
50001845
31433777
50913096
57988627
56207113
75967586
72104731
79313681
14124521
57397380
92997171
80135792
51163158
67669539
44693360
69836320
59942255
11980718
36157619
39397429
65305890
68585438
82444567
36656177
22344306
88774109
87223573
72318615
24147399
21768730
87050479
41442828
58354028
94926427
24911175
23186329
63918211
91908332
95191827
29067245
88303927
99890096
74587917
76576646
62403500
63364985
92403634
46193283
99797521
40045814
57573792
39624888
75445105
78554313
21759754
27797956
72396581
41935938
52177086
98920518
50814034
39108453
75691664
81175270
47055989
71588836
69609981
90837851
47136756
20262093
75583316
83602890
14513696
95113151
49587063
27390145
77474559
21646033
10138823
76667525
39207033
83260336
49203241
25308924
88939081
59705754
19578944
36839233
30718905
29037135
82910870
74054915
56299200
68136559
14504830
48935441
48221054
80267745
13581463
57943505
87272228
24114604
52725384
21437171
50046249
82714018
51779146
97491944
64705644
57121762
79016331
29223650
98738907
64784745
32021582
47876018
47402960
28814811
93027314
78803705
84972387
74549338
11455723
97702249
30189769
79471096
25774439
45418013
23638103
22181160
61620790
12710256
23127561
81300652
69620168
88526216
78958764
84857893
34520082
87851622
37599587
98363665
88204036
73946499
45188327
96994836
73915771
77905172
88312793
57452468
83815348
49579374
93869634
25234636
14874957
74578650
72453567
64332080
74941581
16114425
44416975
23379436
79603475
16851754
38320079
11148428
34743558
77541698
51254880
41965055
89529559
50803118
20299472
39133894
55486977
62663020
29632953
13386679
73741929
47679068
95984429
98979690
17121747
23217395
64015881
11820368
35974494
59918440
73973490
17304449
73183533
74617777
36024706
83233388
52689398
77717895
10625308
62888145
35620264
76542405
43048323
96892982
16944290
68212213
36387232
37532104
19165066
38242173
60656484
36893056
65883150
16180522
37827660
65098836
60817877
16481454
64658718
73856557
96247964
90161035
44955194
91301556
13285835
45702146
28077383
60394661
45348826
50130874
73344368
38834282
65817923
44031549
88541671
75912774
37478250
39906296
43907568
12252109
71941068
34342885
64538648
80310240
36754001
13137989
38446893
93682846
79540512
82702317
52399073
56283175
83158431
11034925
64391700
34737655
68167107
64686113
77479032
80540803
32441082
14293130
57987119
22945312
67849092
92466018
25427812
13874358
32993439
59594500
70416516
19354793
15392552
13178119
31652878
99385812
41048728
67908865
15537704
12804488
75340057
52078187
30097611
78865448
55602893
82977621
88056256
43989721
54476361
73894274
23940925
44794351
22121286
62574353
48597541
89573830
81053966
27028391
89516542
40187715
80611745
34761756
22071292
68451590
64279974
31867125
77520645
52502164
59546722
27038949
27391807
52686856
88181889
31713805
49533742
28303731
93276416
64860579
68651957
41705132
31395476
17421020
75779947
90445719
76096821
78751959
79425436
50587254
46631104
21677713
29463821
66455585
81420789
90981812
50341860
30652695
98295709
52376285
48456029
44671131
76891249
20725835
94282295
72043261
21977185
65801323
43913603
24875067
67443004
90498193
32096561
71485949
72552861
98905997
40135311
42138745
45657904
89315799
69044690
60072051
43874378
78704391
23850992
67591084
49295894
43552367
24347280
99528575
63518701
70796549
30542682
69460462
46860652
94795257
40955232
50402201
10779919
31855329
36639161
82284488
60983156
49994534
15014046
44057863
93065183
41817958
52735789
10082689
53135741
33053860
82046225
21790925
23378517
61536729
47314628
28325131
19510382
87098308
83101236
13602089
29491794
86996833
43257223
57789216
54722907
85395388
64640341
30135094
13247558
20065634
72499646
63573114
46664842
35722028
30693840
96757295
87615517
62123833
47955097
80653019
85021961
95607075
81784242
46992192
58302520
26551687
61469332
82495188
70628642
42948792
40174017
36220551
71963187
65278437
54758716
72437721
66904138
86283819
60357664
50201028
34685724
31784990
14723319
14467022
73766871
25931594
59506464
36039163
66772566
60051088
66889754
59756211
15451617
64014395
12078588
89064961
49392641
92441298
72804859
29056342
90730864
34138045
77379948
54080995
20206160
42490472
35483279
83097777
30462351
16144283
11898462
63111554
74974185
50020017
67221770
72236015
90625750
62867575
29372597
51755833
56357668
84437779
61509163
10273531
74416919
18124803
42795295
57873303
40282093
73346551
99065814
55323412
67033014
81904024
57944097
68846175
28171131
36295476
59990210
71804654
17530755
40984357
54602028
52476413
16344551
26752263
97512366
76608764
94708514
78174067
57764648
11644823
54162318
72129905
11439018
27158671
66172273
50716508
97649555
65449017
20017528
38775958
26334561
57226133
80779304
86686468
42576759
97607023
10802595
94571200
17606896
64237843
65613512
20660809
64461504
75928618
59609441
52522880
50732418
12633487
88384569
21909545
63359520
41663262
93160071
48486040
97725857
30430427
29288493
77512679
15965222
78803131
62956446
19748453
68800210
19956252
58247732
11388513
41584663
58064692
24485550
40512563
55579298
22395433
65926348
13127131
46744600
18794928
94385900
59074512
74440516
91510639
93162761
39949550
41267917
56468402
10520927
49478676
77342113
71413642
50508044
39171803
27727805
82239417
43035081
44781010
63402517
16960073
96558766
12122212
88724077
45065607
35113270
68776420
11827180
35746641
63680041
45941799
83251785
19105156
36413158
80868083
57794099
58704854
86596793
88774724
48468483
47699410
31023819
80818064
69605970
81632397
52595752
74590858
11144867
16532680
21109192
33754684
55746920
66108894
83336652
74217574
64921157
69252347
69350081
78284409
48722165
37951432
71071926
76511795
22109669
13050305
79455722
96623369
14038415
77708249
74079854
42783952
27202112
80710260
67092228
73457897
64633508
78872208
12261073
26266983
95140673
42690675
42676022
46495898
10455277
68416756
20208106
73400560
82996823
81624627
63404532
29205766
13817076
16016827
79388389
78919828
77685404
86184722
80491590
93977078
93121831
31497904
91197495
89453782
51413784
70645288
76919787
69005746
63477179
23326570
68753719
55281040
83622278
88185218
98356942
16280084
93101115
93007438
85987892
77859464
59530684
37877279
22311529
27667951
88128869
81736695
37542446
51380768
85317596
89125041
25826535
30247898
79140381
78774391
95973481
67271130
78586750
70301113
42600262
40894215
89086188
98395595
52277056
27639362
25790580
51668369
61686296
84991850
16426396
86843192
66591179
27610884
80961602
21376424
37390888
21788091
19599139
72833933
59428035
19495264
76196455
85694232
52630260
76102233
50529586
23739504
54968672
27684741
12691105
72171757
68935693
52173692
51317265
85919323
99805295
67986441
36290721
14012093
40348921
63668463
66973680
11710942
74754248
62103616
45317714
72913529
81130226
87275710
12922733
57422591
59713617
15309377
18126287
59968392
21976877
47722468
15637915
24323109
51649561
37277024
52798187
32305174
10038663
77606974
85075539
77283344
50084867
80777127
77144451
67630519
70444355
12073274
57325455
88372421
46381889
35483816
78115262
22865044
20796610
76810169
30113687
17482509
76543909
85400397
16231567
33750338
28831596
84212570
40508776
69944379
51992423
98173365
41914237
96563113
17414814
62338233
54919299
59898355
30470704
71276169
23281576
18079257
64386409
76268802
81343320
89912510
42798216
51340961
50361463
78241071
84187020
38201606
38380658
34134214
17095232
85175052
11398342
60839957
63043010
23471625
74101636
91067601
21586953
44580206
64019066
71687079
96905825
36595159
83598023
35349062
79260942
34151554
76201659
11741442
40515988
31309753
73799859
26014109
28567396
49784683
99693009
65991483
42603050
13205035
14888341
98072053
41549544
24063736
78469207
64601004
64206112
79188867
42163757
75599978
46927601
58773172
79809181
18081034
44522354
37067180
67714401
28145199
15761955
80344181
31166676
59866031
96885717
19333876
39908802
97047409
24932465
97652151
27780283
49579009
12816796
23673202
67678697
54998610
71489598
84282956
84148420
55567669
59498987
95293098
15318839
47553288
27800924
73836268
33374330
13259891
41976185
26558211
69125249
83504518
61727937
57832079
80999346
58759730
22284736
57921880
61070334
67745828
97676636
18739791
23746038
82666271
10881675
18015089
55413713
28968399
30419938
44449442
70552734
90386344
23132188
33457613
20254149
59726013
41940150
68896285
83743599
89784523
97429450
26603532
10606526
46783419
51940445
41507897
27223432
94235988
12829541
71977508
61440790
68028853
36609299
39007992
12051706
44941818
87699367
78669321
71654818
94635049
75336889
94566297
46430928
94802604
19359061
79910263
64516527
73846223
90834339
96963744
32409606
54403760
47016087
25105030
90120674
18065606
76877691
99246708
29378180
55661038
14615493
17689603
78311614
47860382
34547276
75846464
70069804
15989637
28349354
84302576
14552094
26167867
80837089
35226375
80068145
25809618
61475881
15561986
33134796
30390622
83509889
61258446
87749598
90492350
70827417
52751803
24695181
50394803
75191742
40535038
49856610
31017958
41993359
86446775
70173057
59225709
18314373
18733277
23437899
76593668
72187468
34604517
35203167
75784486
32864294
94463754
70144786
72715881
64260785
22576882
60081133
98427509
35340326
66234191
95148485
54844886
81672583
48691242
41602867
17671631
90910771
83621804
76975585
84371680
74278637
20206398
42468708
16588862
30599297
25033820
98831539
53567644
83519561
32026196
37681731
67835813
78877114
78905729
13106834
41962706
51995138
68569321
94297081
15887051
46849069
47998782
78957605
39985396
65185166
30131623
53170288
42890614
46645288
52504131
47499695
95306631
95883362
36585755
20186534
23278495
78413487
36657891
65186302
84161229
54465323
13467582
34327377
38303942
79651275
12827755
79670529
50466175
52606834
79735248
36422875
78876572
58317257
88641937
44087549
57470461
61979306
36481050
51334864
41597828
54706948
17324810
95083876
36741654
21366910
47287676
62606709
89419949
33542754
85096282
51457668
27544438
54119669
95189013
23486180
11021213
83678823
86524577
42686770
44224855
22899071
70354252
69441977
71573095
51748509
30065599
65430680
93464398
95884884
69058069
23114807
50190132
60321931
82677547
26983083
31792712
88201673
71216863
57925724
12999457
15790976
67010992
49354472
17224137
36167630
32707141
42716843
91509937
66582795
63258628
98973505
37019559
49597261
60792820
82545930
87531031
42914676
16935598
61682478
12366817
45686876
31804972
70528339
91711461
75968626
66314029
95780060
51929610
89913714
37513626
85113113
95766494
33362958
90538388
23388195
63820048
33066111
64580174
96391841
16064371
66121664
44479164
14207833
38441007
49907871
76118830
35283654
42106841
55945803
95004591
87799567
37179361
80118613
63973671
17343730
86182318
96588203
50255424
78443806
62115551
97509114
50528440
63257786
97499203
71973814
17433790
52017184
21280898
64074368
35012593
70996769
10311307
78340058
45109775
92814016
39298254
58219780
29193985
92032982
53189057
49563637
50857770
82026093
63584018
92483027
49325869
37781597
20140197
14371634
35316480
50474736
80161017
91744845
16955204
73258802
15748923
12577409
77679909
88620749
65668081
32096419
70061949
61212499
44294750
35008505
62081086
90942281
58732215
28539513
40482988
94131835
58732132
24475223
96440518
17554710
29116729
23591458
27468828
28277458
22093827
34974833
56377495
55927337
46471282
26995641
12425464
60060479
72980149
52319787
16132905
89968230
51856833
31759498
31155732
76877669
33960273
27926377
92551859
65679114
79907429
56563065
64511272
43195656
59567820
23025368
11974841
30675873
18009995
57557845
20533104
11356663
16692662
41276469
40741866
72873709
92141274
48618238
32297917
44812162
41360419
28614393
78877754
24995248
52482877
31977191
67102347
10597488
12800165
29920881
24153779
73243902
31320274
25744456
77467129
21591441
98725772
89618368
63470893
53796972
10647581
90620729
97953613
50529076
90561737
54069913
17463340
90392565
42708173
38405367
58748565
97503336
84982660
45126615
27701858
53473489
47523988
52752651
25112061
73126404
70632039
22115729
85190209
47655633
31073025
25642707
48047838
65181318
57305424
50435197
54089643
83008442
41039407
58501685
50104499
46854263
35578641
98517427
97703261
24752655
41901787
69407891
86243393
62243394
48080716
75531697
33187485
99497610
73714585
34897460
68201933
97521552
61264021
45087754
90487886
25220995
47914716
94503186
32378717
73691943
14492931
77403692
42364562
96351626
12126417
76279768
45602946
72605485
50540744
40046976
47281984
25933347
47450656
15773490
18503439
43528907
73159053
62944332
43734161
15873760
13778959
98799272
46429752
21789280
30453972
82978654
32671834
64749578
71692743
79645154
14778425
75499337
60460164
95457387
55867016
17944527
85917496
85967473
46404060
80290125
65048896
70924287
52460626
75828828
86495309
39078230
55036327
98238257
79174759
46013810
51502091
22533706
81097878
73353829
76354334
21715156
56154132
79016781
51610929
82115967
32648320
59721460
45664054
18847749
76277804
83432583
62244275
88095538
46899205
98636591
43757658
84635231
62461862
77552007
38609532
87102833
51366826
67393638
44689537
43905085
85132081
89596891
73259597
11815053
15593333
95334995
12608358
69273478
50236469
92790606
81068287
23899763
71549291
15181722
59693241
72253036
67963768
70081665
37944853
38498807
72387326
64921325
95824705
41925515
87696872
85055535
55241280
27855766
39829467
65959972
59983892
22266693
50719363
38854822
86188095
97003090
54951008
89031063
27352243
14584080
88590004
15405351
73243680
65054554
59410806
76023840
57793927
86948392
30077307
79971180
33341386
12376586
18584874
32014845
72092136
77550217
93248743
74191855
50047897
73905482
43685113
22865526
41007179
66476222
58732524
98602305
71737910
14447389
38912635
80200845
56307955
72620073
89104041
37583276
32307422
96109137
55663784
77427408
74880909
83304057
24723957
53768726
24046466
15693482
24744258
70794553
57614211
68847044
92859985
81071027
81941313
81186131
46254872
85292608
68439471
77286125
12013324
84280954
41164473
43670794
22636985
12361000
91226077
97479226
95600586
45984859
87562088
38838990
95612420
76182146
29106196
32954288
32783846
66061686
79261005
76685071
33551311
89840980
50164937
80982000
51936855
68927695
34608908
65523772
50621826
71190111
76223292
75249410
88169716
56130503
39904607
60321334
19188529
11103537
83613229
68591419
35298441
56892824
42163065
92458751
47443453
50552510
73448791
73159004
89355810
21353697
48134357
77402912
56711456
91065940
19410878
10344659
51247720
79342725
97248042
95182127
51285167
73186193
80398026
84844232
33641468
15168604
42522343
86657348
19997617
50135099
94070755
68327358
37323211
89028882
74879650
13705085
94510940
15708960
77634496
52048870
72916073
21713358
95221957
42260064
53337608
57627239
79210982
48613838
90855562
71016205
92169487
79719777
40706110
71397256
15497552
35457359
78627516
87969332
20346205
14294423
52509176
83288416
65287002
98087449
96438437
68867323
72666251
76834660
29786737
98125741
15450333
99555882
13370460
15903677
60962273
47832533
72270322
75646834
94076688
39487144
66576913
42907685
49504327
42966752
88177451
88019496
42681999
80653695
97357253
97224505
45151478
72505550
88772991
95224590
68508457
86230775
91925546
21154475
66323592
90118684
13604143
21045191
44228194
88947020
83704354
12290329
33494253
53014151
37564641
88642877
63018400
24340508
40784476
57529413
80687049
74440923
87126885
72642260
74864768
18324041
66730264
49515516
55721684
24633461
70524783
57903612
62349131
19314008
16255118
43665145
46841258
62005938
16327986
25478380
37962559
91922108
64708360
62957685
46180385
95296180
16513949
69711576
74383890
59194130
17623278
72175420
46287693
64020356
57442333
42536997
95563623
16648025
49933672
31957727
54416139
24801248
88305009
77663943
59226279
76155120
82523626
25929385
72998780
98982560
50225146
89334795
93032297
29557036
60321697
56144351
81876774
75814744
43171070
22810008
30095802
51347446
91578751
69198951
38562516
39264012
65021582
65252324
68314454
94901930
40950492
81402673
35784420
12506568
80873002
89894880
70089031
43029946
82831808
69428482
81322375
69462399
55444977
56278378
62055915
96272538
38103003
71437151
56104213
17548194
44572555
85742973
62026249
60556220
38328543
92293447
96044553
71174864
81509983
86962090
32810233
58824869
34751090
11585187
32568811
63088780
33140135
51097419
91560522
86272318
20367987
81784613
95504972
82994139
45713891
25807447
48718161
28567213
44572036
91352726
52353202
13742223
25638003
91056320
20721371
96141585
29289441
68428524
60651066
63697289
92276095
91958487
97206334
77304733
32146315
21265047
33763479
80549450
74158455
84254282
17960399
52328953
26073645
90533456
33070962
52328832
96804147
97301572
99654100
56953022
43656020
52262641
52381325
73928489
65944856
64502343
85719030
34474073
57578537
65086152
43995005
53307055
54399569
84354674
85711774
69130198
23534204
57987195
74993496
39057680
25559955
51066684
97344366
62952151
84661506
31161571
79636751
15408499
70306451
29849146
94592977
16708927
85285296
93901426
61533078
78885845
74613763
66843468
66200422
24870188
56808365
44640925
63082220
37753221
50479415
71397682
49817893
50367643
12471704
27309057
20186402
45651227
58619900
37881498
26224291
74526654
37662142
45756575
92888275
85137046
34136711
42680727
76743667
51555341
26685390
91949590
50904733
10390356
84383034
61091012
10198462
57857360
59033381
85048918
67871578
99914672
66019957
59265382
58866610
10516767
82223605
90616556
18694593
75587415
47179624
20554614
32244413
79516056
34647182
88629170
50052228
15255299
48049795
62890652
23120689
55588309
34626004
70094068
56791825
32997317
30114369
37596466
69456510
95683804
54449544
68854434
94001809
99353815
30003988
91391410
86845838
43336765
74688147
75630758
23968756
67172887
62216830
72181700
20569991
23147811
62464768
46812139
79675151
17307965
76608038
18488292
47173716
35027832
47898901
63766603
83678821
93188242
38144765
24688698
24024148
68150147
36775368
47477969
56384681
15198108
21052510
34209745
89163652
44314562
98484044
12844543
16523378
29938851
91588907
51823169
17203595
61691835
92124929
52841372
66070836
74820262
95343269
28799648
18736622
43822931
12576233
30489426
91894872
99241069
30660421
20710174
95789172
99388525
64833316
17882320
75187218
97375172
33039545
51120813
24118451
97983791
55255417
99959045
87549541
17011161
33794059
85762995
76001961
33992685
17083708
23875219
34462459
25584431
77336130
41819783
63598747
62740290
51099547
39651357
98751015
47204786
64011921
34993243
20488231
64432466
37609758
16640057
31717340
96036617
18104903
25013708
19739811
25779511
17044448
17338107
19116201
89858644
53885812
32642854
58841843
24930556
84463039
20198069
80316856
44556624
16120436
76804350
74679571
60876389
96704656
28662262
65413213
93003962
66487654
43252638
63805728
47640260
19335209
36088585
28379164
84916923
76882646
19863443
12031119
84786455
46112632
48636288
28762723
25505163
82532310
64397765
15038590
72958196
88318121
59886560
31403441
20425724
32014432
99040637
35143443
87337058
57365822
74328968
95862460
73114446
19738938
78309921
28154573
69635448
16035150
70492718
76731402
34126811
40665575
60140391
99893646
92722817
88825740
55201972
18995248
65352347
64741891
65819218
77949059
64653418
45103645
87325490
40321982
20478264
21832472
91701936
60582597
58950544
71237927
32429989
20552164
95706037
44545906
22470356
45102592
80035862
62793177
93288357
48677488
13207140
55770500
61089692
65041139
40099725
87529528
19091606
10504902
21389053
84144255
58127719
48143038
81234581
10110826
74150008
99997780
76650180
76597027
48564895
42010083
37965330
86968231
43318285
84843913
67069879
89924492
59595057
96776072
38477649
76174982
20911128
13085877
37527580
92114612
48769634
43805676
36775651
78788253
43856128
60868458
30376986
59961027
94260253
39116927
30837263
74446418
77038393
32922910
43414366
91301791
24107455
61116841
96728432
38116222
53137705
64570258
85715647
78067318
87773885
53373909
48360293
92655470
62514408
44251945
87837854
79045763
60148654
87826088
60303498
94115745
59240912
34462248
25346263
89825202
24040744
58809501
46695136
78348228
95970609
86509382
98663774
12753118
60799021
13132321
37041690
77121673
99804014
62057824
63124600
26408417
63093207
41888044
10876539
66183331
60989569
59990200
91558511
11261812
86824161
61444888
91102813
33866685
50105717
93107971
69444420
82602133
59221036
67393932
45490961
48692290
24944869
47058863
27645600
60420276
26222237
65024268
96783959
43452523
74862308
54631100
39279173
59448320
28345923
51844728
70501819
76155154
13579542
38494455
78893537
40227052
87853178
72648103
66314159
95832711
26842254
55917138
47565156
62546443
40775467
92487342
35787076
78443387
42139864
21220223
98017203
72752623
56813247
12952955
41897508
56421485
89056736
87106083
84911188
74990974
37809022
20524538
68305157
99334825
80840128
67342880
34119167
67640766
74994078
47159813
25648251
11030717
90767477
55234926
47206126
22309510
49746388
29501969
78494444
67944736
73482370
63420338
50785342
48199392
99691489
13197814
64413818
75364939
22512670
41007727
54839963
63359975
20595627
69765238
88056758
77231518
28018309
23237570
66747351
65642190
82945115
35639316
88453724
34352711
29098250
18895082
57417683
30590473
17665491
35087209
47701252
33815734
90697449
74685418
30382665
51634987
68737082
11884892
79081334
60533487
31139248
29372082
20387049
19766973
74574667
22613677
15149065
51679882
52524002
54934788
81093763
24301274
36359116
47407672
78410028
47939652
14933318
34094497
41284174
19047673
93055507
39381517
96685505
36640899
38288549
12028991
95070808
44518466
47949889
40533795
48231923
63601944
68909699
91795847
72715519
64737315
43532362
16901509
83085881
10259010
89317272
91262104
55173830
71576290
46836700
79091563
30762648
39798185
43482679
21244371
75626738
23071240
35833644
41839053
71816722
50764757
15170755
12503282
38170828
56832423
23393513
80060205
68090507
88905091
18505731
67029227
77479008
97337556
59983887
91751439
26997345
41877448
23656749
76285551
69819082
83313084
80825316
86449909
67290819
45886953
25838937
67378740
27799476
81578359
76610688
18640313
49255790
76726684
94315973
19978678
27813171
57204046
39041774
15272153
66472934
68057111
79576337
82320328
75539994
24103176
88063891
12084367
13613824
82821420
80741900
76000916
46873953
95378240
70266904
55416857
40586460
65124650
11067890
85513298
23208351
37175258
39362590
25585209
35903287
78249949
54042970
88568840
12341254
78179594
81348902
86161565
59480575
97371730
72347125
17814875
20281797
25142295
50420846
67326669
35102961
44551958
38486390
46675543
22632693
45865574
36974309
35201560
11344768
28283656
47222466
80303197
41911094
65071504
47039377
30104662
62091040
76655515
93555827
81075620
38570046
84697636
89421175
52016325
43678164
72081534
77433283
19400073
73885345
25324681
92851275
67962953
56056058
15491165
20619625
52985663
57679905
47459551
39590620
81762605
89896169
83594394
13164925
84891627
67690257
14720418
41585999
12382606
19697849
76380758
55615202
46743607
97835237
20344661
21045238
57529465
86724054
75526455
15713322
87826119
50155414
78004382
31310114
83975818
48528781
63836490
68715484
89699178
84916712
13146661
56359794
69962776
62485458
46985534
38525646
84748124
73371976
16867347
38132694
27784502
28615959
39873937
19555895
89593532
54891007
73596140
93561517
60501277
11913159
97630724
29183817
16253690
45691955
73138275
88292357
58344094
58289762
23853838
48126700
23795171
41894736
86866466
12994505
33247057
97438187
25790067
15512706
90326321
93845586
38604142
17586676
60754745
50431402
16189699
40561660
87852297
11600655
30259475
49754183
16690633
54169241
56743183
65353936
91852371
98352383
24109147
48950197
24184614
31486828
97921373
51799145
22481198
32348105
86063559
24944367
37358995
78155510
67524023
65499594
29108419
28387841
35362482
65815840
49217659
92010992
43997986
51644737
15131882
50473212
14142597
35815347
52511442
34376471
54641540
11776791
77961496
13945742
89729860
76724999
58995974
72000024
18363943
46694087
67361449
98114399
45721702
14614173
33790741
49609717
98228871
18982581
65248104
99525816
23322861
99757651
95181180
64669989
97297814
84123160
62256498
27308780
89673624
14213931
76299746
29297057
78498104
71653671
89678697
76122818
40803511
48030518
74119755
56520356
55597167
21319050
84561667
16303995
55912484
80239624
67078119
56519760
41223077
94702449
79459372
50075703
34919890
79054379
79805307
49678616
72023886
30864996
52452061
27466294
46942252
40708384
48573118
27880806
30385447
63001381
32323877
45784333
20086702
74658674
63392957
59030155
12651022
93162285
24017581
50841191
43430689
92880198
80994974
83616094
32339779
69657940
90305799
64493472
40329141
74687980
82502321
14261039
90644854
87662143
71728539
52818396
79503375
84563261
84002805
20613692
37778990
24607190
98115685
56927478
59840102
20115761
94164902
65651172
48479567
69536907
19083798
69811485
11536661
71564029
10388018
59700771
80158088
10352962
56814538
54250495
65596360
71986220
32594182
25825556
62075099
48431492
30470760
49903644
33431319
59930794
22966398
65897109
57309059
55584051
57141080
24131315
71084060
48826836
45185808
52345293
14929924
15636660
26393417
20462426
45011297
10540402
62927229
41096629
49191588
94752794
97533860
54339937
90348570
87917066
30115109
14465100
33642547
94574737
55382121
36851394
45723989
98287070
47899525
39931378
99164855
80083162
50808296
89762008
80010192
17430983
39383708
45557502
63018767
54374001
56129792
79875036
25501765
33698088
73704693
49297156
40606172
25703578
78000504
60676320
30608410
93208514
59048408
83920724
84441629
22275233
19627425
67505710
24876345
56370153
46476150
40661805
11515885
95175061
73455469
12606107
63977928
99326908
44139689
70234817
92927621
77186111
82872399
52507695
68375387
89927220
21534336
43502966
75243627
21857799
82575995
65904687
84529253
43533838
72052103
30854081
29587428
45330081
81866738
62845975
65054473
92985457
30934256
56217695
88846710
40786559
74455538
13797785
78056632
48854457
65629557
39234344
11566323
61083736
54933237
63976405
89514413
40464903
36100098
81730704
30416856
85742624
95668912
33609528
67391596
95484691
29809263
92761797
62857763
22388475
78303945
72349424
36363173
11975615
43065060
70448921
18786870
97062461
62963841
10813487
84187512
96585899
84187818
30869018
39115789
44031589
72634489
32142545
82081588
13650368
89632305
72147648
27080616
72704932
17086824
88058752
57929325
75390057
27793540
37285083
51469010
56388229
90489388
15675447
74754459
31664783
42688733
50681474
46678145
41935112
69019292
24395535
75764418
31039529
88559202
94215495
30867206
26656337
28161482
34667510
60099267
74729097
12688123
83939324
13106769
77668623
84337474
78129951
68992685
46124389
13195504
18244935
16897155
51381326
22749884
13961005
54826554
91215602
79590435
22706114
67998393
50114860
27911051
87295656
28023051
79118299
29693992
26510349
77317979
58474416
27221293
60359652
36264672
76386865
42297382
86389866
67810172
38883591
35600534
24309053
42190198
42060709
30697309
19065534
22555545
79927511
11933298
36604533
62999224
21595974
51487230
29025528
26239140
72676733
40941464
65080116
92721183
67878643
74224458
33113751
15286886
97590843
78344707
32771124
41655972
53544685
95962140
91523189
97832329
19906641
42186279
74686336
27888210
55202058
33940575
37704319
62998564
79718421
93443120
51306431
42982761
85072735
27011080
60781438
92635493
78222258
43691972
57243406
64574698
75493328
61973022
68100520
93786081
64242315
11894663
25314911
14795732
98806635
38918000
11542937
73675194
89088804
98073754
54000192
28654611
51418269
52980583
24457943
53597063
90770940
67029335
52298072
20631587
27037908
56154096
10344489
47465317
74599745
32204576
69349485
63301649
10700132
28280136
22803181
17897097
32754864
92320621
65485232
34167573
84761875
10932879
44434838
78814907
25855783
53487364
32282067
62862211
19134067
44914385
32795900
77412258
71805683
95060360
82225461
14047268
18767610
15913837
89787072
51373347
83862842
34519680
49394829
56897396
13184749
95412503
82771967
29899668
19110568
31620670
77564501
40933084
91082032
78028219
69837558
73753910
57446619
95068740
56337266
75516441
77313865
60711387
35821333
44100374
42814696
74795166
67820238
98896621
19869851
69162321
78869095
74558754
19172245
79374456
70243443
83387799
55431276
48738152
48998206
76385446
23167519
87733969
69635455
92921507
41746300
91285451
28593525
18225854
13917388
79156165
49857498
75937347
42575884
25774806
12878096
38065660
91711223
79995862
95885072
42609540
74241535
24952783
13189980
13457107
54380869
70808926
30768270
40376780
28673990
83078435
67909064
23801234
71327325
36978148
14718245
20342068
70304520
27099747
24478623
79064144
95812806
74866796
65591938
35619614
45651121
52021629
50894347
34516329
33235729
80271416
73165687
69375942
22567651
33098768
64850424
64226813
82517663
39775551
85788001
86524712
44580418
67020849
36346216
76768556
87446514
63597121
75511338
47192663
22877543
10409992
13293619
72078908
78321320
71546290
32630498
36203528
16011876
50158179
22940965
21200782
88169598
16156784
30368679
78847499
17716048
89411045
55707339
79422148
21869191
96395681
90319842
89035924
95032721
78168237
92926004
32821506
38075084
59054758
67982844
89069407
20188887
99970040
56177838
38088183
11728677
48148136
34087849
26021774
77190680
41320112
57156976
43201173
70749870
98407207
24493210
46099561
46408164
37407958
44232146
67556761
92583957
26079505
23447094
49149972
40263121
62771384
75093230
99132968
47454352
78906341
38601906
26292436
69449987
54529977
60490909
99507661
69855049
43156574
94349345
74464562
88497660
39008362
69199253
15866002
41690885
78396926
47021764
58307505
34224070
91467129
98711145
60621678
16502729
84026022
46082537
25635842
72245987
87597185
48062443
95304869
19208308
45315629
34466191
81538894
59577889
48729903
48246196
72174348
26540933
88808191
76415508
67181558
26580499
48947452
62390569
95764603
67667684
82284210
31666185
90551707
21548885
70165355
59286965
55780266
29455001
21519389
72450330
99850068
25276180
31218569
23419351
57290939
11627622
57700826
17879893
51092803
87746743
67091339
94442157
68208013
14373484
50518494
29870968
31514976
73824582
42705165
87604702
54545795
29496536
71745634
54674664
78006770
82743620
16149432
47181965
37254925
89893907
10562124
69354117
42788525
98393257
91223166
28321234
55087357
95088500
38302283
36377004
35689012
93196519
58476298
43497222
91018654
32853493
67527747
28404074
39539322
25865556
34058992
73808541
78098526
64004410
40592566
26137418
51745019
38107812
15002434
94280133
98714981
27049517
42629560
72516234
41409957
18443821
35060782
40806630
90319329
48204194
48738858
55439536
21689694
53151952
20393717
75204958
88324047
58855846
20338997
50222501
21502736
76287454
41928511
53081586
46879878
55064595
61839312
78156317
48817136
11103350
67658914
18212918
34459173
22722304
52779747
83932246
77352488
94331217
39185713
21405358
38074425
56294273
56481958
36373312
85173069
53332288
84199997
84576042
20206556
28612870
35627741
83003538
18193159
72756055
83148323
68486030
51310359
84694028
67061536
54804944
59372045
23884654
26975930
42612498
86153429
17680786
64776855
25812357
19914968
22578462
65046995
23571767
82929720
39961533
96552133
76950135
94384667
21397507
94817580
53842661
44383247
69833073
37312993
63980791
54251757
25243981
78080150
50228331
16030576
13733942
51794712
94373654
29214034
44875943
94753676
26078021
61963476
84375343
27321126
31687647
61984571
74919042
92140227
75177357
54625057
24725992
24478497
95434061
76608296
64067809
33496352
87367286
97815348
13318205
70245581
43538208
32645745
96260594
24489666
88122173
27073457
72159873
79002835
13493129
65923495
69786268
10264577
44751049
88784135
48931921
82892298
63371494
32310938
19570495
81912308
48067564
63695012
68613059
37604145
62855240
90089935
86686434
99922854
33283703
27693503
97696080
21058769
49800842
82814546
13930983
82570379
95831783
98544858
53758719
95251788
67035926
79319087
61601553
44441327
26943111
30750222
81733895
70815180
96257708
86493652
39825850
64133367
59726176
73628658
57020232
19447151
69845551
18769721
57140769
59237746
45242191
62437837
80314250
33749667
54655196
98908890
21291492
46159957
10792476
73675929
72298630
25060142
23717190
67468877
31278104
70694188
21098512
51413162
23750028
22116229
41898598
95920736
71942629
78101877
23471461
87662487
51855070
60646540
38497474
91387973
38849409
63393621
66823675
53079315
31733614
75908990
89746701
68569236
83666655
37256646
60376933
30283835
82502056
16798193
41842150
72244646
13355258
69778550
92937596
13187404
91428931
49508663
34344947
92136760
10298675
79391958
54847357
32521358
14097474
39065598
35809529
17281461
60394683
26002337
66530316
67948274
80258088
21156189
92094307
71686531
63417484
16418825
41208879
12254095
90191898
29804099
92291762
85030368
14453819
14946143
20360290
31030292
36938997
23821219
36613702
13645536
21957344
26875364
61726844
31761954
73809708
90228886
78361446
13980298
78967401
13137894
74755326
88540279
85595164
52232715
78942363
56379576
12839562
27043831
22167981
43859813
45726567
90767920
69784126
28860970
63350226
43161240
49135351
74438221
74913243
61143907
70738504
74580209
64545763
36402526
17075524
40621904
19985323
86138889
92759168
54469952
44881913
99007764
95431949
39331969
83517536
55030109
36481456
81609287
33711122
19958201
12469603
20449600
75882696
18086006
22916183
57321191
59440723
77649333
16487658
